"","id","total_votes","x0001e","x0002e","x0003e","x0005e","x0006e","x0007e","x0008e","x0009e","x0010e","x0011e","x0012e","x0013e","x0014e","x0015e","x0016e","x0017e","x0018e","x0019e","x0020e","x0021e","x0022e","x0023e","x0024e","x0025e","x0026e","x0027e","x0029e","x0030e","x0031e","x0033e","x0034e","x0035e","x0036e","x0037e","x0038e","x0039e","x0040e","x0041e","x0042e","x0043e","x0044e","x0045e","x0046e","x0047e","x0048e","x0049e","x0050e","x0051e","x0052e","x0053e","x0054e","x0055e","x0056e","x0057e","x0058e","x0059e","x0060e","x0061e","x0062e","x0064e","x0065e","x0066e","x0067e","x0068e","x0069e","x0071e","x0072e","x0073e","x0074e","x0075e","x0076e","x0077e","x0078e","x0079e","x0080e","x0081e","x0082e","x0083e","x0084e","x0085e","x0086e","x0087e","x0088e","x0089e","c01_001e","c01_002e","c01_003e","c01_004e","c01_005e","c01_006e","c01_007e","c01_008e","c01_009e","c01_010e","c01_011e","c01_012e","c01_013e","c01_014e","c01_015e","c01_016e","c01_017e","c01_018e","c01_019e","c01_020e","c01_021e","c01_022e","c01_023e","c01_024e","c01_025e","c01_026e","c01_027e","income_per_cap_2016","income_per_cap_2017","income_per_cap_2018","income_per_cap_2019","income_per_cap_2020","gdp_2016","gdp_2017","gdp_2018","gdp_2019","gdp_2020","x2013_code"
"id",1,0.0533280750188218,0.0543539608486172,0.0537642152345352,0.0549013671490781,0.0541002049782929,0.0538711301635443,0.05267253781406,0.05420182861826,0.0542099772377311,0.0529098907842078,0.0551244309632348,0.0559442250270031,0.055445107008042,0.0547694702605596,0.0507614492890455,0.0514371422545329,0.0528428677328462,-0.025844140366584,0.0535387008063873,0.0544259254866145,0.0544624255349882,0.0543985365261948,0.0518570276872786,0.0513586000862119,0.0544624255349882,0.0536832855855125,0.0551638254998246,0.0513586000862119,0.0497818203706612,0.0525175790063555,0.0543539608486172,0.0546478830231017,0.0461679552237896,0.0546478830231017,0.0454510707841524,0.0669578943779692,0.00855974946055402,0.0249540346711481,-0.00358225405445194,0.00740665009519528,0.0114690926508644,0.0455600590759146,0.0603179905812279,0.0271113443093018,0.0431392408198455,0.0349164893324672,0.0340410556749145,0.0123942945587025,0.0539510398294186,0.0349667523989418,0.0298881304958034,0.0246834982799232,0.0331255482072179,0.0380108018375391,0.0410798654942444,0.0461679552237896,0.0538071297755312,0.020647067021645,0.0473780809970425,0.0524709266060985,0.0455729552480023,0.0673432164556079,0.0230494191497207,0.047257031042683,0.035616138502706,0.0400528107243008,0.0308028933153361,0.000827771375587681,0.0765943387731154,0.0166817947575221,0.0572762764966132,0.0592275827455373,0.0491402925653483,0.0662100623603293,0.00680054843818697,0.0455012590956354,0.0343143090075417,0.0566852297345494,0.0556425457675951,0.0488498237361145,0.0551892307706631,0.0543523290854623,0.0546535275285323,0.0538832786686493,0.0553273055868417,0.0544908264648261,0.0515626769568448,0.05311966815711,0.0527636536086965,0.0561264221511497,0.054340696762046,0.0406996741020059,0.0510973809809246,0.0562950253036423,0.0477710662722147,0.0511960347450544,0.0541900965745552,0.0563225915624209,0.0549764212124569,0.055372189808877,0.0529098907842078,0.0532828986051363,0.0511091057379706,0.0551244309632348,0.0561727069028671,0.0560212553261197,0.0556227879448789,0.0566037990440287,0.0573562075308502,0.0513586000862119,0.050733033713124,0.0523648045276915,NA,NA,NA,NA,NA,NA,NA,NA,NA,NA,-0.00599939588433372
"total_votes",0.0533280750188218,1,0.990335177316045,0.990511190013901,0.989833726282095,0.974756451748715,0.977615561239785,0.978296535024513,0.982251249812323,0.973920818972321,0.973046296434654,0.985181800595938,0.990559760720086,0.993453591587872,0.993283358085738,0.988170993289165,0.974193555700373,0.970031308411035,-0.179873094647531,0.978686853967093,0.991405007103107,0.991379186688431,0.991393185525496,0.986574742581228,0.983997510094906,0.991379186688431,0.991693196335085,0.990569267410787,0.983997510094906,0.982935940930789,0.983704577924035,0.990335177316045,0.991335837926318,0.901344503709915,0.991335837926318,0.979477262519863,0.739624960012447,0.468224323223991,0.147502402387758,0.111510438336935,0.151474151486435,0.0779586569703365,0.730039437590192,0.729514603821544,0.586712129842227,0.588348813310362,0.300850131702352,0.622649801244291,0.509092673053334,0.783621662320302,0.262173117544403,0.148946359802964,0.567438594140225,0.362559199583761,0.276384267995314,0.800502171754195,0.901344503709915,0.915604695375298,0.800003386609765,0.828569264740396,0.818138298050737,0.979907189456146,0.766061467940711,0.709544857515379,0.740300172963652,0.255663280785497,0.836913615317494,0.793635530995338,0.693690492449775,0.553143034770093,0.237299297363947,0.63658932744013,0.983264898667563,0.962875574318244,0.736473486196558,0.323054113312143,0.72896621365161,0.252827482220917,0.867838646934871,0.877027501884753,0.886828601239794,0.858494251696432,0.987559656493287,0.99403662237607,0.994394496265254,0.992988143952501,0.974436727430933,0.947030580161851,0.964783365778109,0.952904511744727,0.928705394259884,0.991527051412143,0.871407822435851,0.91878054279892,0.960232776059987,0.976426063358075,0.979007366483122,0.980399782071712,0.943265423012051,0.995150897356947,0.970697430194022,0.973046296434654,0.973600052248375,0.919698230683223,0.985181800595938,0.987654598665016,0.960560501151039,0.99331241824395,0.996083350357212,0.973284396235367,0.983997510094906,0.985147306495962,0.970718869281822,NA,NA,NA,NA,NA,NA,NA,NA,NA,NA,-0.496509986403187
"x0001e",0.0543539608486172,0.990335177316045,1,0.999821263784121,0.999835564922561,0.993541379065234,0.99248805163767,0.992014964745648,0.993120921379913,0.987303873280871,0.989868391005431,0.997010463333709,0.996639948064682,0.995337215510718,0.993908273021446,0.98739463514543,0.975642808882063,0.968768664461626,-0.198300223250941,0.993692207565353,0.999605520276248,0.999468146178396,0.999308436317821,0.986457333084009,0.983803267904126,0.999468146178396,0.999267697084979,0.999135856652368,0.983803267904126,0.980916691181681,0.984919183693691,1,0.999641393325802,0.929054038634726,0.999641393325802,0.973945359575389,0.76852894971288,0.479101969383803,0.153265080512841,0.0977623231308775,0.155012797203213,0.0768381044564792,0.740193367552654,0.725494921035496,0.60718914745828,0.602516884903587,0.313832576414835,0.618139584368326,0.511079854774986,0.790739906488795,0.278121181820488,0.164023173654336,0.580366383925749,0.379552577831732,0.290428040650832,0.849289479363133,0.929054038634726,0.916187824094839,0.796691510048427,0.832268445464868,0.823221346762623,0.977114673481111,0.794077745583437,0.718787915593676,0.750780823293848,0.270849746098918,0.886306153383133,0.844110487651501,0.737171759725903,0.586514049145215,0.257427925229873,0.675215034073311,0.975234366564042,0.937720376272883,0.763417241508536,0.327085243428344,0.738917499814745,0.267898026548784,0.873279495951598,0.878291204588499,0.885931764081939,0.859943161883703,0.993833717301229,0.997691558996705,0.997298695544345,0.997335582995839,0.98699811328827,0.970115469037496,0.97909387169833,0.965494299883816,0.927833434765595,0.998993016664202,0.920045336645429,0.955856539213305,0.973600378679646,0.982233658500581,0.978654390344386,0.976228069362926,0.936460481064035,0.997495453310878,0.965420919867655,0.989868391005431,0.988341948035444,0.927523530883758,0.997010463333709,0.995627818237242,0.95823697940168,0.997065292851122,0.993813346279121,0.961078874059527,0.983803267904126,0.976043718701557,0.956264916835619,NA,NA,NA,NA,NA,NA,NA,NA,NA,NA,-0.479952271574296
"x0002e",0.0537642152345352,0.990511190013901,0.999821263784121,1,0.999314014338445,0.99331452021936,0.992735925961749,0.992469231198891,0.993516191302039,0.987663875864567,0.989227703570539,0.997033789459013,0.996566791249471,0.994957615137206,0.993355071849271,0.986901470126356,0.974911343314611,0.967691565418565,-0.199523834488152,0.993895947607535,0.999337550003804,0.999178611023976,0.998978148082307,0.985834611960593,0.983160939093093,0.999178611023976,0.999429226369447,0.998424008325139,0.983160939093093,0.980809712840204,0.983864371788953,0.999821263784121,0.999232595055327,0.932067175095131,0.999232595055327,0.975275571915964,0.759734981698767,0.482199891654507,0.153596064096013,0.0981877883209093,0.156664580031494,0.0780698442131301,0.74396765134321,0.727183841743933,0.607973312293519,0.61010090388753,0.317819951843903,0.620537330104154,0.516322160484862,0.791525325084705,0.282893296358269,0.167173181777097,0.589138551320427,0.386237934400133,0.295067129907277,0.848686604872162,0.932067175095131,0.914884635750237,0.801641377911986,0.83735308748645,0.819683347638448,0.97864160284157,0.785693224586159,0.722128808421752,0.754822422933265,0.2752314815751,0.886564465547589,0.845982013477096,0.743081148173694,0.579920384668593,0.255879405124153,0.671604747676658,0.974225801615078,0.938280151467295,0.754722938294158,0.329580517692664,0.742654371077108,0.272759095570757,0.870326405042729,0.881232526662314,0.884184193015822,0.863282444743785,0.992598444184432,0.997346174970284,0.997477106348953,0.996505444572606,0.98736105438941,0.969220459963531,0.980596625289867,0.966189803108695,0.925888707181304,0.998615774714765,0.919442557947794,0.954000677739069,0.971983673420981,0.983483018418008,0.979475335082117,0.976138427992673,0.935615242245648,0.99724646100348,0.965020523452169,0.989227703570539,0.987698404855577,0.925625015926755,0.997033789459013,0.995630480869761,0.958063416907358,0.996802567417856,0.993624326017934,0.961269746805387,0.983160939093093,0.975912552032991,0.956703280798286,NA,NA,NA,NA,NA,NA,NA,NA,NA,NA,-0.479399242142094
"x0003e",0.0549013671490781,0.989833726282095,0.999835564922561,0.999314014338445,1,0.993425270715193,0.99191695048571,0.991246058755847,0.992408231231385,0.986626964050645,0.990150445463044,0.996653221597432,0.996375373659971,0.995367008041087,0.994105056991172,0.987536022396955,0.976016712362267,0.969476395686112,-0.197059976836098,0.993163033949755,0.999526807716661,0.999410164000117,0.999289596637238,0.986723300596649,0.984088933816039,0.999410164000117,0.998777137822369,0.999483053334238,0.984088933816039,0.980689838146363,0.985600113403629,0.999835564922561,0.999697745750384,0.925851905535732,0.999697745750384,0.972342347606631,0.77670567262586,0.475969639282283,0.152896135749079,0.0973213969244921,0.153376403402255,0.0756308572234467,0.736324603010252,0.723631296816255,0.60623306740527,0.595040204284099,0.309902624985106,0.615632138950584,0.505879970511403,0.789720974263157,0.273450531985242,0.160946710953214,0.57175751481636,0.373012748658183,0.285880850237115,0.849582481595805,0.925851905535732,0.917130072303407,0.791676192367449,0.827111908065162,0.826338368087538,0.975321913301816,0.80185316085415,0.715342033210657,0.746652103194148,0.266555975766433,0.88576070419485,0.842031875643604,0.731256096247101,0.592641455640263,0.258826745822733,0.678451101907034,0.975874190757581,0.936868506228609,0.77150008649457,0.324582009319801,0.735085048521125,0.263145488520468,0.875818681697702,0.875175003034894,0.887310410014523,0.856451413588636,0.994684744619698,0.997687741707473,0.996792605481926,0.997796843846477,0.986318488236561,0.970648093910611,0.977323635269049,0.96450291601682,0.929387112365044,0.999019319198734,0.920314482065703,0.957315567526531,0.97482405748859,0.980705413390721,0.977538267485225,0.975986162120939,0.936956671917126,0.997399246498648,0.965480707250507,0.990150445463044,0.988627254308418,0.929032987119959,0.996653221597432,0.995290860554942,0.958081608921783,0.996982402826789,0.993660853204943,0.96057299619563,0.984088933816039,0.975841702915766,0.955523271379556,NA,NA,NA,NA,NA,NA,NA,NA,NA,NA,-0.480321514390271
"x0005e",0.0541002049782929,0.974756451748715,0.993541379065234,0.99331452021936,0.993425270715193,1,0.997396624402539,0.994947805791869,0.991711443689747,0.98426467881562,0.986740998603688,0.99233018130532,0.986249429267035,0.981876845140245,0.979596460735536,0.969479231161548,0.955204996388079,0.944775897423195,-0.221728038848669,0.997759639026589,0.990414620646525,0.989963892894245,0.989532900268902,0.967843005629682,0.96429279665664,0.989963892894245,0.989544930790701,0.989841206250381,0.96429279665664,0.960520536121633,0.96611438017075,0.993541379065234,0.99284894456389,0.927697458155472,0.99284894456389,0.961790834017552,0.782562172908916,0.481639761523056,0.154803621800637,0.0987888231708358,0.157478611279746,0.0806515212647024,0.72350799596845,0.708009201917207,0.589485463183637,0.590913588177852,0.305813288073395,0.596482734691096,0.497199484742323,0.791576054095611,0.281334303742582,0.165516073848524,0.582087973518555,0.38361313179074,0.295514154096078,0.855867085550162,0.927697458155472,0.912176603274561,0.79313241362318,0.819670479036106,0.828491245352278,0.965794299441044,0.807024017278316,0.718811578698813,0.735125839205955,0.272784784374482,0.892133985746233,0.851906033310101,0.757304778632917,0.582783744636678,0.2424421428163,0.667417656781002,0.963471068898238,0.919062944207246,0.777337039725918,0.328995560443173,0.722150139400036,0.271180479162582,0.863285320094225,0.871801838858429,0.871389205108371,0.854368612506179,0.982754715709572,0.987486653572818,0.986904319209885,0.987313478540708,0.983542681411694,0.978026710335696,0.980761340557995,0.961320823109058,0.908124007743681,0.988690434213234,0.926440322908413,0.961402564909354,0.96824698689032,0.977574359353138,0.967759422099583,0.959243306218006,0.912077753873247,0.984969251550737,0.945302491864399,0.986740998603688,0.983762785184597,0.912788220269891,0.99233018130532,0.988767844522788,0.942690420184549,0.984967644040975,0.979075719695282,0.939118578215127,0.96429279665664,0.953504505465917,0.927915472160407,NA,NA,NA,NA,NA,NA,NA,NA,NA,NA,-0.471212978250354
"x0006e",0.0538711301635443,0.977615561239785,0.99248805163767,0.992735925961749,0.99191695048571,0.997396624402539,1,0.998605970225286,0.995140206391524,0.981499198508063,0.978510327871879,0.991087595241399,0.987740303614972,0.982826848551746,0.979581857108599,0.969748112020777,0.953856539522069,0.940445000009432,-0.221277225674729,0.999672291112445,0.988724083997033,0.98805056833909,0.987509552104523,0.967183143229863,0.963472322950115,0.98805056833909,0.988192995721,0.987403083716848,0.963472322950115,0.961241453017025,0.964105114703637,0.99248805163767,0.991871403121127,0.925677095249838,0.991871403121127,0.968295668095912,0.762336559069011,0.490345551737524,0.156934486887843,0.0982460440313467,0.165119045824069,0.0814486622657942,0.718991385024829,0.717454871112864,0.571948788053789,0.587376433085538,0.29883335202173,0.598176528270586,0.500974744196408,0.785084721571866,0.27857222483246,0.16083712724552,0.581790565971137,0.381169530568408,0.295627280124536,0.848233960997494,0.925677095249838,0.910292321866044,0.80477721839162,0.815310444525886,0.821048871495772,0.971741358222322,0.787588378628283,0.726329928667132,0.730414307375113,0.269019753637437,0.886221082069147,0.848766596675975,0.763978739777152,0.567901815318123,0.23353202990117,0.654249696242838,0.963372098906371,0.92739602620657,0.757708780865916,0.338370711955831,0.717684079002128,0.268647393166912,0.85752024517343,0.869795293843267,0.867907664293513,0.852546016760579,0.979461048775284,0.986659552516073,0.986749763259775,0.985864236495727,0.981743452408661,0.979042891801181,0.982204117754702,0.959169788392176,0.899011459453124,0.986765804569088,0.914808263459289,0.952672949248155,0.965697627050629,0.981348315839252,0.971281933568059,0.957891092804214,0.907446364099484,0.984240848267176,0.942596201862904,0.978510327871879,0.975294046651539,0.898047298457231,0.991087595241399,0.987805574742274,0.940396846247191,0.985973895333014,0.981701603079721,0.94302661653496,0.963472322950115,0.955984228104968,0.930026204452913,NA,NA,NA,NA,NA,NA,NA,NA,NA,NA,-0.479733046740123
"x0007e",0.05267253781406,0.978296535024513,0.992014964745648,0.992469231198891,0.991246058755847,0.994947805791869,0.998605970225286,1,0.996051493410951,0.979994489014436,0.97430723510697,0.989566763131785,0.988907032071224,0.984084900020297,0.98058431724551,0.971352685161154,0.956328276060374,0.942486979146295,-0.214225336544331,0.999308852673106,0.988295593637133,0.987546715702453,0.987005184777925,0.968906664704578,0.965392468884983,0.987546715702453,0.987950935050131,0.986654300701252,0.965392468884983,0.963841359082444,0.965498418641144,0.992014964745648,0.991342606612121,0.926009543893173,0.991342606612121,0.971212511956882,0.749197875322747,0.493448615759964,0.156298467642721,0.0954325360381612,0.169798882342655,0.0800654560333996,0.719333583018937,0.717674044884359,0.564957297208571,0.589568363158137,0.298520700179317,0.606269866832294,0.51159181356147,0.77964623044903,0.275003732673605,0.158126826554359,0.581796035235361,0.378794423089831,0.290320951152943,0.850043718988697,0.926009543893173,0.904521358156721,0.805558407599751,0.815487073996446,0.811437314318359,0.974535047803045,0.774759010119248,0.727418406540847,0.73051127441572,0.265902841712436,0.88870495095495,0.852829869465691,0.772747973762898,0.562621360407283,0.232193850416445,0.650527409551619,0.961069866909674,0.929022955112438,0.744660648027316,0.341391244149467,0.718015322247755,0.264972474358033,0.852157494511123,0.866136872873716,0.865678692230878,0.848821627217935,0.97801022458361,0.98613849549549,0.986555227384421,0.985041215774236,0.98057020896425,0.977877656985946,0.982516984615219,0.958011814316224,0.895011509690673,0.986353665938282,0.915670077304095,0.950988463708101,0.965076940276228,0.982982518641371,0.972638264116033,0.956725762301635,0.905216069699511,0.983837669839258,0.940987006613894,0.97430723510697,0.970916838075569,0.891161312180503,0.989566763131785,0.986007011721722,0.937605599404443,0.987127604938278,0.982915270823261,0.944217189438192,0.965392468884983,0.958612240143747,0.932404914531169,NA,NA,NA,NA,NA,NA,NA,NA,NA,NA,-0.477384263062122
"x0008e",0.05420182861826,0.982251249812323,0.993120921379913,0.993516191302039,0.992408231231385,0.991711443689747,0.995140206391524,0.996051493410951,1,0.990304025461396,0.976035867505077,0.98854500773533,0.989250714688816,0.98597821473589,0.982873519095907,0.973547086278821,0.95859390976737,0.948109214633277,-0.228990700272561,0.995889178379852,0.990552183316889,0.989966082411875,0.988797858462501,0.971554416847687,0.968073505088981,0.989966082411875,0.990371809982639,0.989070996009653,0.968073505088981,0.966217404482818,0.968411830759847,0.993120921379913,0.992617330799509,0.924700035067609,0.992617330799509,0.975571217746724,0.74829222339476,0.491518526618142,0.155842100810987,0.0943925644738692,0.168638129273117,0.0769615766210894,0.714247475436985,0.713978582328154,0.561416775846025,0.580639906415515,0.294033539158779,0.606436023066969,0.509882954026528,0.774057235721969,0.266482117549327,0.151441807103361,0.574194733622861,0.368836376250383,0.281234761789132,0.842060568215812,0.924700035067609,0.912318366236865,0.804978458717299,0.812193110737241,0.816393125186342,0.97846453841131,0.77437912679706,0.726382993927992,0.725274379266515,0.258712052388031,0.882425636698212,0.849598442599124,0.763571872313283,0.569200462329574,0.237322717907732,0.654375599679773,0.963866518921314,0.935112158196483,0.743634071900107,0.340245052283196,0.712929108113264,0.256429396288534,0.856309574753716,0.864215423634785,0.86884768072372,0.846442647111322,0.98066995433584,0.989348717200274,0.989745743358315,0.988267367953943,0.991856813224227,0.975146815891258,0.986855988862186,0.975853376865815,0.910480333924406,0.987567332221279,0.910480866553344,0.946916355373986,0.964336575362721,0.981053461590407,0.973983624622853,0.960208080560608,0.91380658723913,0.985873682431302,0.946586445200666,0.976035867505077,0.973363321008721,0.898292704121221,0.98854500773533,0.985873563518126,0.940721106456169,0.988318344776148,0.985057903177026,0.949428799661012,0.968073505088981,0.961953327572841,0.939009717501982,NA,NA,NA,NA,NA,NA,NA,NA,NA,NA,-0.485090497865776
"x0009e",0.0542099772377311,0.973920818972321,0.987303873280871,0.987663875864567,0.986626964050645,0.98426467881562,0.981499198508063,0.979994489014436,0.990304025461396,1,0.981828892066901,0.982277879853848,0.977682842868065,0.975874563856146,0.974638319520391,0.965912487776849,0.952178176064047,0.946498336342769,-0.249332318035485,0.982528065689531,0.986483300762421,0.986356567856171,0.984715533916113,0.964784610932873,0.961585909890983,0.986356567856171,0.986848038845746,0.985383052813828,0.961585909890983,0.958421195570754,0.962941619929794,0.987303873280871,0.986392510074696,0.924957879140211,0.986392510074696,0.96395641625469,0.754721716834289,0.484487142419416,0.154431025204515,0.0955267025192219,0.157338765940742,0.0763706104700746,0.717640356506761,0.694991591123017,0.581504459732869,0.593263309456396,0.311810089275878,0.600475703127967,0.499083233256273,0.772400863760508,0.280092837151316,0.165688451790132,0.58702626493732,0.383616364420011,0.290658837443264,0.840282095681027,0.924957879140211,0.91401824985456,0.801146716980878,0.823382133308969,0.820634407674834,0.967617410669658,0.78088190769645,0.723202077891048,0.730331976398561,0.273532982626071,0.878346045662904,0.842279580850393,0.749302836267753,0.58204306622251,0.236271935915335,0.658661684129146,0.959187112441768,0.924665251371118,0.74926878402233,0.331572191720283,0.716138340587673,0.26991969927059,0.855370927768067,0.871099538531388,0.867381393756986,0.854002496805984,0.978853636186809,0.985448119060625,0.985970658410633,0.984253365826514,0.999611608072866,0.961845106190832,0.985373034721503,0.991263950991011,0.929724656805054,0.982427108338351,0.908491526632644,0.942036359838724,0.954004837531353,0.970373277097772,0.963566474093904,0.958364604103754,0.920138135150841,0.980547107727982,0.948089204429683,0.981828892066901,0.980425554806068,0.917225589615831,0.982277879853848,0.980447244786142,0.940503340656097,0.977880021777586,0.973717949851832,0.940614088477181,0.961585909890983,0.953322968423452,0.936515024136676,NA,NA,NA,NA,NA,NA,NA,NA,NA,NA,-0.476780110030278
"x0010e",0.0529098907842078,0.973046296434654,0.989868391005431,0.989227703570539,0.990150445463044,0.986740998603688,0.978510327871879,0.97430723510697,0.976035867505077,0.981828892066901,1,0.992130584163285,0.981277441135,0.977560699305058,0.976757625803954,0.967037012636158,0.953444166208984,0.951084188508056,-0.207717272467408,0.979443400494347,0.990305232959477,0.99055776684432,0.990503487532719,0.96640592806349,0.963219524994873,0.99055776684432,0.989866142596573,0.990690144674431,0.963219524994873,0.957758221485025,0.966346006128024,0.989868391005431,0.989419830835321,0.9209341271619,0.989419830835321,0.948247281551271,0.793561277810865,0.468602540765423,0.150589592759623,0.0988552471943194,0.146843434286855,0.0786650071903921,0.750909052361596,0.722913552869395,0.646914117565216,0.605154641305069,0.316488301629244,0.60705826882464,0.503509972227335,0.798718042253733,0.276986039904356,0.161647200374714,0.581090970805663,0.382616082246813,0.289330509843647,0.857453623660476,0.9209341271619,0.916601563482926,0.777535444904217,0.837421718835366,0.834591282006131,0.952518349112062,0.817996868649636,0.708940722255679,0.760470563464534,0.269282640638877,0.887665697201946,0.833949069721027,0.72805071746849,0.598507138977721,0.239142186077908,0.671674207947089,0.966017489230317,0.912374044278342,0.787899883473297,0.315116594962589,0.749643207718785,0.266753031996602,0.873192066418511,0.87616526872495,0.8801155708326,0.858219436384628,0.987204481264048,0.987079744323754,0.985978171789775,0.987387647198161,0.979930499525519,0.955137149987494,0.964503323454538,0.958378621678067,0.942922130108977,0.989852446671354,0.923485283242237,0.952461002715369,0.956356405395989,0.963709282654872,0.954252063856277,0.974123968707533,0.942050998494791,0.987149024648437,0.966464326193936,1,0.999575664639466,0.958474512394696,0.992130584163285,0.990919486601475,0.962499891615908,0.980650065650219,0.974992020727041,0.947110196492074,0.963219524994873,0.951031762000431,0.93795423472976,NA,NA,NA,NA,NA,NA,NA,NA,NA,NA,-0.45896382032542
"x0011e",0.0551244309632348,0.985181800595938,0.997010463333709,0.997033789459013,0.996653221597432,0.99233018130532,0.991087595241399,0.989566763131785,0.98854500773533,0.982277879853848,0.992130584163285,1,0.995121375375355,0.989506462234051,0.98585716422758,0.976812125789113,0.962327472344375,0.955348589164437,-0.202500637160504,0.991719562804394,0.996317367207081,0.996189976927015,0.996215515509213,0.975256007280177,0.972017065779189,0.996189976927015,0.996244520797177,0.995620568412379,0.972017065779189,0.968655209938608,0.97351314781413,0.997010463333709,0.996245485815688,0.931905420093848,0.996245485815688,0.964777539982495,0.769298239843804,0.474347408854904,0.153309541253164,0.0960414003982151,0.150926050925725,0.0787762471892681,0.7578467450915,0.747376086261687,0.629960187720387,0.613399434773644,0.315553213386028,0.626406242473332,0.519058548867634,0.802386727246932,0.280696017297226,0.162201723818001,0.588618806553557,0.386628835176569,0.29615279710533,0.853856617199001,0.931905420093848,0.910903132626203,0.79206152211601,0.84235667003282,0.820046136827218,0.968908143767076,0.794600568709049,0.714676788529751,0.767164911215063,0.271650874291569,0.890730996509345,0.846861234839158,0.737787282343361,0.580022387669282,0.262760505919991,0.681996710433015,0.970143200102431,0.925482612141221,0.764154856329565,0.320709976858462,0.756656956622876,0.270672094852841,0.872757025652631,0.879907835197,0.885026014707271,0.86177318611339,0.988134013496265,0.992297602060658,0.992065266943072,0.991796877409581,0.981590109027401,0.963497334949232,0.971447494100339,0.959304489786564,0.930821348000748,0.996010284172114,0.921944883490476,0.949427287212826,0.961877309806746,0.975234977024937,0.969833858330141,0.98099784116833,0.9422728244015,0.994456253067663,0.970645748333772,0.992130584163285,0.99104944329358,0.938131821391891,1,0.999086134373849,0.968974322867897,0.992929968629073,0.989372584367724,0.964449344524951,0.972017065779189,0.96292066027454,0.949988054841176,NA,NA,NA,NA,NA,NA,NA,NA,NA,NA,-0.47335197576683
"x0012e",0.0559442250270031,0.990559760720086,0.996639948064682,0.996566791249471,0.996375373659971,0.986249429267035,0.987740303614972,0.988907032071224,0.989250714688816,0.977682842868065,0.981277441135,0.995121375375355,1,0.997023988937242,0.992643782466636,0.984688009993728,0.972569168855363,0.967018394517872,-0.186014443286693,0.989292633345948,0.99661629782149,0.996418331515998,0.996553964538728,0.983916485617815,0.981111674540071,0.996418331515998,0.996363691985516,0.99595106460167,0.981111674540071,0.978372446142972,0.9821169023765,0.996639948064682,0.996222044377523,0.926768203067748,0.996222044377523,0.971134728933112,0.757884769524754,0.465868758117349,0.150995683900781,0.0945715721276802,0.147109497445945,0.0729040708637767,0.751162457627049,0.74253558833717,0.610102936343839,0.605336021796296,0.313425303340427,0.638805561773865,0.531284348411802,0.792917604513069,0.271094098174778,0.158246624355068,0.574328312294476,0.372509352531314,0.28281229864087,0.844003084149777,0.926768203067748,0.907738415429443,0.785054760675212,0.83230502732233,0.811445724708196,0.974374938234492,0.783472941345622,0.704562306792418,0.759935233696,0.264301398820254,0.883232183540119,0.843465044844714,0.721273927426524,0.58184924660154,0.284272868586504,0.691780919267778,0.97105380138935,0.933476026529695,0.752748236311639,0.315240394023166,0.750034687995188,0.260824907088494,0.87526599393045,0.872587389063667,0.887988745474879,0.853597409524071,0.987897250156502,0.993266799252174,0.992914313782606,0.992876627652947,0.977903921239109,0.961620709943313,0.969379033749026,0.955460639654464,0.923547939204673,0.996768102780983,0.916488902810442,0.948078770055558,0.968359117321642,0.97620390452217,0.978253646540263,0.978464227342677,0.938804355624093,0.995794160807531,0.967713953631498,0.981277441135,0.979880810659095,0.921041596004361,0.995121375375355,0.994322575517546,0.96166057594949,0.998931947765421,0.996808380150841,0.970057802986211,0.981111674540071,0.973540261185147,0.957126739158398,NA,NA,NA,NA,NA,NA,NA,NA,NA,NA,-0.481415749814778
"x0013e",0.055445107008042,0.993453591587872,0.995337215510718,0.994957615137206,0.995367008041087,0.981876845140245,0.982826848551746,0.984084900020297,0.98597821473589,0.975874563856146,0.977560699305058,0.989506462234051,0.997023988937242,1,0.997809668675041,0.991462838357269,0.980424553976204,0.977412784296494,-0.17725915743936,0.984676740500451,0.996163053876317,0.996082128948963,0.996296287685687,0.991154973627553,0.988704222402617,0.996082128948963,0.995673791571019,0.995946307909169,0.988704222402617,0.986024450757387,0.989654976115716,0.995337215510718,0.995689188036988,0.91492851053606,0.995689188036988,0.973998953823097,0.7603073776868,0.460973498420427,0.149219712088111,0.0999870534691806,0.144434433321309,0.0727252820873587,0.737529966617856,0.727830652373392,0.597626087628261,0.596853698926274,0.310551068925478,0.628831444017469,0.514672239999136,0.786669787358451,0.267010830328792,0.158215899687934,0.563460291039984,0.364380748708314,0.276454752900547,0.831785782268232,0.91492851053606,0.911296373013401,0.785783332814668,0.824269556797469,0.813548036218271,0.975935907964471,0.785756899756199,0.700949845952224,0.747107981608581,0.261747333394245,0.868326710429873,0.824646249145527,0.705009863246842,0.583834396331375,0.269797023357824,0.676650674354964,0.977092616777757,0.944959083445283,0.755658229907909,0.312887042558053,0.73639677528437,0.256706699351681,0.874517449456063,0.87182315311454,0.89038084198814,0.85254091942496,0.991085650061102,0.995552418725127,0.994911913593201,0.995427287719042,0.976062026966525,0.95817364598649,0.968049507670281,0.952886531146392,0.92425661310635,0.996636471369206,0.903755928479387,0.944341571027883,0.97444985947328,0.977064708946559,0.981142694993429,0.975268111793747,0.937927239965176,0.996806953880683,0.965451941842543,0.977560699305058,0.976673133487277,0.917205384210089,0.989506462234051,0.989545444826309,0.954910480218896,0.999358290498614,0.998614686648944,0.967887810674471,0.988704222402617,0.983376407105931,0.962630519500956,NA,NA,NA,NA,NA,NA,NA,NA,NA,NA,-0.488988015511785
"x0014e",0.0547694702605596,0.993283358085738,0.993908273021446,0.993355071849271,0.994105056991172,0.979596460735536,0.979581857108599,0.98058431724551,0.982873519095907,0.974638319520391,0.976757625803954,0.98585716422758,0.992643782466636,0.997809668675041,1,0.995267300154929,0.984949847897636,0.981624957444081,-0.170459520218787,0.981505549293001,0.995148062666329,0.995163203211892,0.995411941783461,0.994991362892668,0.992782789292496,0.995163203211892,0.994549940614022,0.995219791831389,0.992782789292496,0.99042723920899,0.993478682872928,0.993908273021446,0.994683777665358,0.907756930036678,0.994683777665358,0.974174107103457,0.761891170312498,0.466257001548364,0.150161653266635,0.101618591969948,0.147286848166525,0.0731027727764055,0.72953689195352,0.715760191941178,0.594597746743873,0.594337415762194,0.310757545028754,0.617585675469494,0.502715332894106,0.78057896753065,0.270136220095651,0.162010353589558,0.562062099587468,0.364918073692315,0.279855522706513,0.826076411560212,0.907756930036678,0.910852461663795,0.791381760312366,0.821954604161795,0.816842068624172,0.975433223271864,0.787067948710606,0.706361604385369,0.740011678120789,0.264757055981679,0.859863829794508,0.812353495997736,0.703108429346502,0.580293836762872,0.249175013938961,0.656867258214786,0.980272358163209,0.950683501688954,0.757718693671295,0.319363398834821,0.728354612219126,0.260034209692893,0.869917115056306,0.873109764984596,0.888067656783226,0.85415252932515,0.993340847909077,0.996348039609387,0.995597057677767,0.996324629727842,0.974656905394225,0.95687792591893,0.967451849496724,0.951013102732463,0.922701314115367,0.99578535677426,0.897398397206261,0.943684299624222,0.976778935151472,0.978851221029883,0.980443074120052,0.971826147266645,0.935319794752265,0.996333929964296,0.962333163386273,0.976757625803954,0.976030433220434,0.916343559875764,0.98585716422758,0.986061724205259,0.94937286099722,0.997052478861063,0.996498333676968,0.961754544785517,0.992782789292496,0.988813131253662,0.965153196568742,NA,NA,NA,NA,NA,NA,NA,NA,NA,NA,-0.489212033497436
"x0015e",0.0507614492890455,0.988170993289165,0.98739463514543,0.986901470126356,0.987536022396955,0.969479231161548,0.969748112020777,0.971352685161154,0.973547086278821,0.965912487776849,0.967037012636158,0.976812125789113,0.984688009993728,0.991462838357269,0.995267300154929,1,0.995005047881187,0.985465919695641,-0.148967616215828,0.971827706589624,0.98944774180358,0.989585109590366,0.9900010004199,0.999385872993959,0.998959669852016,0.989585109590366,0.989086421795065,0.989537290558507,0.998959669852016,0.998517476863325,0.998171760338958,0.98739463514543,0.987693067146669,0.90832843509469,0.987693067146669,0.974055074312778,0.741030531718183,0.478342324917728,0.150568473923103,0.0978291086251703,0.157085843665554,0.0734567940316617,0.714107181081391,0.693519181521767,0.585226620660465,0.592187866766236,0.315196530691332,0.600092670571389,0.483295903481599,0.759388773895552,0.278734628826108,0.172617231558138,0.566692545908974,0.3691217330231,0.286161264422114,0.816860404289987,0.90832843509469,0.90187379014867,0.793920502084411,0.815110454151491,0.804653828650621,0.975407558324347,0.766897575897602,0.714120283713461,0.726479960584384,0.273262134103841,0.854478706395606,0.813765513679889,0.70121297225939,0.578000730272244,0.2610242329046,0.657580788637256,0.971069503871476,0.948491897174126,0.736338265559402,0.332414946809571,0.712776418905892,0.268676003043346,0.863040679063502,0.86804710586737,0.88169037926311,0.849319444742842,0.990552654733705,0.991066497754855,0.990526941235838,0.990851130390796,0.965819158651511,0.952864419029322,0.96188623046173,0.941315176006773,0.907465549764262,0.99066063504712,0.891100169906875,0.941232948306624,0.975588199711452,0.977347628112656,0.979326279588065,0.96218925418232,0.92539121384304,0.991146622494161,0.952521998475682,0.967037012636158,0.965788646711686,0.901542898912966,0.976812125789113,0.976626111806133,0.935622341027968,0.9902429579443,0.989702475764034,0.950573132230007,0.998959669852016,0.996387861462325,0.97094329028396,NA,NA,NA,NA,NA,NA,NA,NA,NA,NA,-0.484536606794354
"x0016e",0.0514371422545329,0.974193555700373,0.975642808882063,0.974911343314611,0.976016712362267,0.955204996388079,0.953856539522069,0.956328276060374,0.95859390976737,0.952178176064047,0.953444166208984,0.962327472344375,0.972569168855363,0.980424553976204,0.984949847897636,0.995005047881187,1,0.989601835426291,-0.131787740297588,0.95676853998588,0.978557898159243,0.978822844745473,0.979458750757035,0.996832253619188,0.99809442108418,0.978822844745473,0.978059591128052,0.979028415889832,0.99809442108418,0.997654173670481,0.997305987952644,0.975642808882063,0.975500952880516,0.903551151160771,0.975500952880516,0.963953600167059,0.723899804168756,0.474108019795471,0.146231731959669,0.0912563917430364,0.158041356766902,0.068187969109395,0.70328788631844,0.677032975312293,0.583756507716771,0.580960409594864,0.315868678865985,0.592078892613469,0.476839765794396,0.737995250108807,0.274379560093717,0.171748043587925,0.547382226660729,0.361283087322703,0.281840239134734,0.813288050837545,0.903551151160771,0.880151643277186,0.771493212619894,0.799012806742867,0.777749220358653,0.965741936453679,0.749416732820215,0.701409769442435,0.715177603758791,0.269732248164051,0.854933084270811,0.822039997554648,0.69147704396482,0.587371274186571,0.297392853550777,0.675821218546589,0.952103419397249,0.930860868215254,0.718059368301435,0.330020190234486,0.701930171194875,0.264193922246261,0.852287012351063,0.846380708254641,0.867261561128143,0.827382032102513,0.980659847470462,0.978331147198778,0.977384720931421,0.978501704976317,0.95178874723351,0.942596515820174,0.947015456309634,0.927251348738063,0.894457523418259,0.98036411308372,0.894499226066704,0.939517389095064,0.969786230709278,0.962472000828156,0.96953383117103,0.94752670593247,0.913983758920193,0.979369842508241,0.939113061095561,0.953444166208984,0.951777925452238,0.888555806511223,0.962327472344375,0.961319689251425,0.918925988065818,0.978800438515494,0.976809586941508,0.9351188997683,0.99809442108418,0.992892547000296,0.965952482455867,NA,NA,NA,NA,NA,NA,NA,NA,NA,NA,-0.467304427544815
"x0017e",0.0528428677328462,0.970031308411035,0.968768664461626,0.967691565418565,0.969476395686112,0.944775897423195,0.940445000009432,0.942486979146295,0.948109214633277,0.946498336342769,0.951084188508056,0.955348589164437,0.967018394517872,0.977412784296494,0.981624957444081,0.985465919695641,0.989601835426291,1,-0.133702079386023,0.944131988297554,0.973139658077607,0.973640639598324,0.97440913412481,0.990259412761921,0.990961357567321,0.973640639598324,0.972512264610701,0.974190877210948,0.990961357567321,0.987662171930477,0.99238765327053,0.968768664461626,0.968651860749433,0.896852657767621,0.968651860749433,0.952427441430115,0.71967346616046,0.43804094947531,0.134348010436466,0.0963594171877875,0.134677642809334,0.0645863585481827,0.727375708703322,0.688050883059197,0.611803882115536,0.59278647707936,0.34973396625409,0.617924915181586,0.49238484964299,0.757751001462299,0.29011684216008,0.191325800539736,0.532682662900855,0.373408417097685,0.295918153110979,0.803136683213991,0.896852657767621,0.87232861560951,0.747060782248045,0.81116509847894,0.768988973064743,0.954385633553925,0.745018835159736,0.670619424915901,0.738572429769264,0.288723573970569,0.842286312297709,0.805572484448945,0.665626226419622,0.59419695195152,0.299458376439385,0.676529583491733,0.94979890271556,0.923454497180652,0.713690539543005,0.295654991974734,0.726100914682835,0.279945094820734,0.850452051254937,0.851035730475232,0.868142228653708,0.832311549570453,0.974097644855243,0.972707864103806,0.97125842832144,0.973348236140414,0.945789180477005,0.919278079806221,0.932031747436801,0.923420189597919,0.914219254754166,0.975303780798477,0.889892532781592,0.922929312973377,0.957708129477991,0.943622961613426,0.959555580213637,0.952777600977124,0.928130472448965,0.975176827779483,0.948046274400826,0.951084188508056,0.951461154328336,0.905756745943395,0.955348589164437,0.956393711821794,0.927745433467706,0.974406464703896,0.973283975267174,0.942510512278285,0.990961357567321,0.98398093594764,0.965003399997273,NA,NA,NA,NA,NA,NA,NA,NA,NA,NA,-0.456690761265815
